6281776444105
628179834866
6281776397095
6281776444908
6281776446226
6281776410379
6281776396155
6281776415612
6271776373013
6281776399824
6281776395852
6281776411182
6281776412789
6281776379514
6281776440472
6281776370851
6281776445862
6281776448798
6281770896962
6281776448408
6281776340576
6281776447148
6281804644025
6281776375455
6281776414532
6281776440550
6281776391697
6281776413714
6281776419477
6281776390910
6281776417435
6281776443269
6281776410875
6281776445613
6281776419764
6281776445613
6281776373841
6281776447988
6281776398395
